1 0.274414 0.085938 0.029297 0.074219
1 0.334961 0.177734 0.087891 0.089844
2 0.510742 0.241211 0.248047 0.052734
0 0.777344 0.256836 0.324219 0.177734
4 0.815430 0.355469 0.037109 0.039062
2 0.893555 0.388672 0.119141 0.023438
1 0.859375 0.472656 0.050781 0.160156
2 0.618164 0.529297 0.529297 0.078125
4 0.815430 0.587891 0.044922 0.062500
4 0.599609 0.649414 0.031250 0.060547
3 0.705078 0.663086 0.269531 0.220703
1 0.885742 0.819336 0.224609 0.083984
1 0.339844 0.616211 0.046875 0.158203
2 0.172852 0.596680 0.275391 0.044922